Hours Since Start of Run	 Livingston	 Hanford	 Virgo

0	1	1	0
1	1	1	0
2	1	1	0
3	1	1	0
4	1	0	1
5	1	1	1
6	1	1	1
7	1	1	1
8	1	1	0
9	1	1	0
10	1	1	0
11	1	1	0
12	1	1	0
13	1	1	0
14	1	1	0
15	1	1	0
16	0	0	0
17	0	0	0
18	0	0	0
19	0	0	0
20	0	0	0
21	0	0	0
22	0	0	0
23	0	0	0

24	1	1	1
25	1	1	1
26	1	1	1
27	1	1	1
28	1	1	1
29	1	0	1
30	1	0	1
31	1	0	0
32	1	1	0
33	0	1	0
34	1	0	0
35	1	1	0
36	1	0	0
37	1	1	0
38	0	1	0
39	0	0	1
40	0	0	1
41	0	0	1
42	0	0	1
43	1	0	1
44	1	0	1
45	1	0	1
46	0	0	1
47	0	0	1

48	0	0	1
49	0	0	0
50	1	1	1
51	1	1	1
52	1	1	1
53	1	1	1
54	1	1	1
55	1	0	1
56	0	0	1
57	1	0	1
58	1	1	1
59	1	1	1
60	1	1	1
61	1	1	1
62	1	1	1
63	1	1	1
64	0	1	1
65	0	0	1
66	1	0	1
67	1	1	1
68	1	0	1
69	0	0	1
70	1	0	1
71	1	1	1

72	1	1	1
73	1	0	1
74	1	0	1
75	1	0	1
76	1	1	1
77	1	1	1
78	1	1	1
79	1	1	1
80	1	1	1
81	1	1	1
82	1	1	1
83	1	1	0
84	1	1	1
85	1	1	0
86	1	1	0
87	1	1	0
88	0	1	1
89	0	1	1
90	0	1	1
91	0	1	1
92	1	0	0
93	1	0	1
94	1	1	1
95	1	1	1

96	1	1	1
97	1	1	1
98	1	1	1
99	1	1	1
100	1	1	1
101	1	1	1
102	1	0	1
103	0	0	1
104	0	0	0
105	0	0	0
106	0	0	0
107	0	0	0
108	0	0	0
109	0	0	0
110	0	0	0
111	0	0	0
112	0	0	0
113	0	0	0
114	0	0	0
115	0	0	0
116	0	0	0
117	0	0	0
118	0	0	0
119	0	0	0

120	1	0	1
121	1	1	1
122	1	1	1
123	1	1	1
124	1	0	1
125	1	1	1
126	1	1	1
127	1	1	1
128	1	1	1
129	1	1	1
130	1	1	1
131	1	1	1
132	1	1	1
133	1	1	1
134	1	1	1
135	0	1	1
136	0	1	1
137	0	1	0
138	0	1	0
139	1	1	0
140	1	1	1
141	1	0	1
142	0	0	1
143	0	0	1

144	0	0	1
145	0	1	1
146	0	1	1
147	0	1	1
148	0	1	1
149	1	1	1
150	1	1	1
151	1	1	1
152	1	1	1
153	1	1	1
154	1	1	1
155	1	1	1
156	1	1	1
157	1	1	1
158	1	1	1
159	1	1	1
160	1	0	1
161	1	1	1
162	1	1	1
163	1	0	1
164	0	1	1
165	0	1	1
166	0	1	1
167	0	1	1

168	1	1	1
169	0	1	1
170	1	1	1
171	1	1	1
172	1	1	1
173	1	1	1
174	1	1	1
175	1	1	1
176	1	1	1
177	1	1	1
178	1	1	1
179	1	1	1
180	1	1	1
181	1	1	1
182	1	1	1
183	1	1	1
184	1	1	1
185	1	1	1
186	1	1	1
187	1	0	1
188	0	0	1
189	1	1	1
190	0	1	1
191	0	1	1

192	0	1	1
193	1	1	1
194	1	1	1
195	1	1	1
196	1	1	1
197	1	1	1
198	1	1	1
199	1	1	0
200	1	1	0
201	1	1	0
202	1	1	0
203	1	1	1
204	1	1	1
205	1	1	1
206	0	1	1
207	0	0	1
208	0	0	1
209	0	0	1
210	0	0	1
211	0	0	0
212	0	0	1
213	0	0	1
214	0	0	1
215	1	0	1

216	0	0	1
217	0	0	1
218	1	0	1
219	1	0	1
220	1	0	1
221	1	0	1
222	1	0	1
223	1	0	1
224	1	1	1
225	1	1	1
226	1	1	1
227	1	1	1
228	1	0	1
229	1	0	1
230	1	1	1
231	1	0	1
232	1	0	1
233	1	0	1
234	0	0	1
235	1	1	1
236	0	0	1
237	0	0	1
238	0	1	1
239	0	0	1

240	0	1	1
241	0	0	1
242	0	1	1
243	0	0	1
244	1	1	1
245	1	1	1
246	1	1	1
247	1	1	1
248	1	1	1
249	1	0	0
250	0	1	1
251	0	1	1
252	0	1	1
253	1	1	1
254	1	1	1
255	0	1	1
256	0	1	1
257	0	1	1
258	0	1	1
259	0	0	1
260	0	0	1
261	0	0	1
262	0	0	1
263	0	0	1

264	1	1	1
265	1	1	1
266	1	1	1
267	1	1	1
268	1	1	1
269	1	1	1
270	1	0	1
271	1	1	1
272	1	1	1
273	1	1	1
274	1	1	1
275	1	1	1
276	1	1	1
277	0	0	0
278	0	0	1
279	0	0	1
280	0	0	1
281	0	0	1
282	0	1	1
283	1	0	1
284	1	1	1
285	1	1	1
286	1	0	1
287	1	0	1

288	1	0	1
289	1	1	1
290	1	1	1
291	1	1	1
292	1	1	1
293	1	1	1
294	1	1	1
295	1	1	1
296	1	1	1
297	1	1	1
298	1	1	1
299	1	1	1
300	0	1	1
301	1	1	1
302	1	1	1
303	1	1	1
304	1	1	1
305	0	0	1
306	1	1	1
307	1	1	1
308	0	1	1
309	0	1	1
310	0	1	1
311	0	1	1

312	0	0	1
313	0	0	1
314	0	0	1
315	0	1	1
316	0	1	1
317	0	0	1
318	0	0	1
319	0	0	1
320	0	1	1
321	0	1	1
322	0	1	1
323	0	1	1
324	0	1	1
325	0	1	1
326	0	1	1
327	0	0	1
328	0	0	1
329	0	1	1
330	0	1	1
331	0	1	1
332	0	1	1
333	0	1	1
334	0	1	1
335	0	1	1

336	0	0	1
337	0	1	1
338	0	1	1
339	0	1	1
340	0	1	1
341	0	1	1
342	0	0	1
343	0	0	1
344	0	1	1
345	0	1	1
346	0	1	1
347	0	1	1
348	0	1	1
349	0	1	1
350	0	1	1
351	0	1	0
352	0	1	1
353	0	1	1
354	0	1	1
355	0	1	1
356	1	1	1
357	1	1	1
358	0	0	1
359	0	0	1

360	0	0	1
361	0	0	1
362	1	0	1
363	1	0	1
364	1	0	1
365	1	0	1
366	1	0	0
367	1	1	0
368	1	1	0
369	1	1	0
370	1	1	0
371	1	1	0
372	1	1	0
373	1	1	0
374	0	1	0
375	0	0	0
376	0	0	1
377	0	0	1
378	0	0	1
379	0	0	1
380	0	0	1
381	0	1	1
382	0	1	1
383	1	0	1

384	1	0	1
385	1	1	1
386	1	1	1
387	1	0	1
388	1	0	1
389	1	0	1
390	1	1	1
391	1	1	1
392	1	1	1
393	1	1	1
394	1	1	1
395	1	1	1
396	1	1	1
397	1	1	1
398	1	1	1
399	1	1	0
400	1	1	0
401	1	1	0
402	1	1	0
403	1	1	0
404	0	0	1
405	0	0	1
406	0	0	1
407	0	0	1

408	0	0	1
409	0	0	1
410	1	0	1
411	1	0	1
412	1	1	1
413	1	0	1
414	0	0	0
415	0	0	1
416	0	0	1
417	1	0	1
418	1	0	1
419	1	1	1
420	1	1	1
421	1	1	1
422	1	1	1
423	1	1	1
424	1	0	1
425	0	0	0
426	0	0	1
427	0	0	1
428	0	0	1
429	0	0	1
430	0	0	1
431	0	0	1

432	0	0	1
433	1	0	1
434	1	1	1
435	1	1	1
436	1	1	1
437	1	1	1
438	1	1	1
439	0	1	1
440	0	1	1
441	0	1	1
442	0	1	1
443	0	1	1
444	0	1	0
445	0	1	0
446	0	1	1
447	0	1	1
448	0	1	1
449	0	1	1
450	1	1	0
451	1	1	1
452	1	1	1
453	1	1	1
454	1	0	1
455	1	0	1

456	1	0	0
457	1	0	1
458	1	1	1
459	0	1	1
460	0	1	1
461	1	1	1
462	1	1	1
463	1	1	1
464	1	1	1
465	1	0	1
466	1	1	1
467	1	1	0
468	1	1	1
469	1	1	1
470	1	1	1
471	0	1	1
472	0	1	1
473	0	1	1
474	0	1	1
475	0	0	1
476	1	1	1
477	1	1	1
478	1	1	1
479	1	0	1

480	1	0	1
481	1	1	1
482	1	1	1
483	1	1	1
484	1	1	1
485	1	1	1
486	1	1	1
487	1	1	1
488	1	1	1
489	1	1	1
490	1	1	1
491	1	1	1
492	1	1	1
493	1	1	1
494	1	1	1
495	1	1	1
496	1	1	1
497	1	1	1
498	1	1	1
499	1	1	1
500	1	1	1
501	1	1	1
502	1	0	1
503	1	1	1

504	0	0	1
505	0	0	1
506	1	0	1
507	1	0	1
508	1	1	1
509	1	1	1
510	1	1	1
511	1	1	0
512	1	1	1
513	1	1	1
514	1	1	1
515	0	1	1
516	0	1	1
517	1	1	1
518	1	1	1
519	0	1	1
520	1	1	1
521	1	1	1
522	0	1	1
523	1	0	1
524	1	0	1
525	0	0	1
526	0	0	1
527	0	0	1

528	0	0	1
529	1	0	1
530	1	0	1
531	0	0	1
532	0	0	1
533	1	0	1
534	1	0	0
535	0	1	0
536	0	1	0
537	1	1	0
538	1	1	0
539	1	1	1
540	1	1	1
541	1	1	1
542	0	1	1
543	0	0	1
544	0	0	1
545	0	0	1
546	0	0	1
547	1	0	1
548	1	0	1
549	1	0	1
550	0	0	1
551	0	0	0

552	0	0	0
553	0	0	0
554	0	1	0
555	1	1	0
556	1	0	1
557	1	0	1
558	1	0	1
559	1	1	1
560	1	1	1
561	1	1	1
562	1	1	1
563	1	1	1
564	1	0	1
565	1	0	1
566	1	1	1
567	1	1	0
568	1	1	0
569	1	0	0
570	1	0	0
571	1	0	1
572	0	0	1
573	0	0	1
574	0	0	1
575	1	0	1

576	1	0	1
577	1	0	1
578	1	1	1
579	1	1	1
580	1	1	1
581	1	1	1
582	1	1	1
583	1	1	1
584	1	0	1
585	1	0	1
586	1	1	1
587	1	1	1
588	1	1	1
589	1	1	1
590	1	1	1
591	1	1	1
592	1	1	1
593	1	1	1
594	1	0	1
595	1	0	1
596	0	0	1
597	1	0	1
598	1	0	1
599	1	1	1

600	1	1	0
601	1	1	1
602	1	0	1
603	1	1	1
604	1	1	1
605	1	1	1
606	1	1	1
607	1	1	0
608	1	1	1
609	1	1	0
610	1	1	0
611	1	1	1
612	1	1	1
613	1	1	0
614	1	1	0
615	1	1	1
616	1	1	1
617	1	0	1
618	1	1	1
619	1	1	1
620	1	0	1
621	1	1	1
622	1	1	1
623	1	0	1

624	1	0	1
625	1	1	1
626	1	1	1
627	1	1	1
628	1	1	1
629	1	1	1
630	1	1	1
631	1	1	1
632	1	1	1
633	1	1	1
634	1	1	1
635	1	1	1
636	1	1	1
637	1	1	1
638	1	1	1
639	1	1	1
640	1	1	1
641	1	1	1
642	1	1	1
643	1	0	1
644	1	0	1
645	1	0	1
646	1	0	1
647	1	0	1

648	1	0	1
649	1	0	1
650	1	0	1
651	1	0	1
652	1	0	1
653	1	0	1
654	1	0	1
655	1	0	1
656	0	0	1
657	0	0	1
658	1	0	1
659	1	0	1
660	1	0	1
661	1	0	1
662	1	0	0
663	1	0	1
664	1	0	1
665	1	0	1
666	1	0	1
667	1	0	1
668	1	0	0
669	1	0	0
670	1	0	1
671	1	0	1

672	1	0	1
673	0	0	1
674	0	0	1
675	1	0	1
676	0	0	1
677	0	1	1
678	0	1	1
679	1	1	1
680	1	1	1
681	1	1	1
682	1	1	1
683	1	1	1
684	1	1	1
685	1	1	0
686	1	1	0
687	1	1	0
688	0	1	1
689	0	1	1
690	1	1	1
691	1	1	1
692	1	1	1
693	0	1	1
694	0	1	1
695	0	1	1

696	0	1	1
697	1	0	1
698	1	1	1
699	1	1	1
700	1	1	1
701	1	1	1
702	1	1	0
703	1	1	0
704	1	1	0
705	1	1	0
706	1	1	0
707	0	1	0
708	1	1	0
709	1	1	0
710	0	1	0
711	0	0	1
712	0	0	0
713	0	0	1
714	0	0	1
715	0	0	1
716	0	0	1
717	0	0	1
718	0	0	1
719	0	0	1

720	1	1	1
721	1	1	1
722	1	1	1
723	1	1	1
724	1	1	1
725	1	1	1
726	1	1	1
727	1	1	1
728	1	1	1
729	0	1	1
730	0	1	1
731	1	1	1
732	1	1	1
733	1	1	1
734	1	1	1
735	1	1	0
736	1	1	0
737	1	1	0
738	1	1	0
739	1	0	1
740	0	0	1
741	0	0	1
742	0	1	1
743	0	0	1

744	1	0	1
745	1	0	1
746	1	1	1
747	1	1	1
748	1	1	1
749	1	1	1
750	1	1	1
751	1	0	1
752	1	0	1
753	1	1	1
754	1	1	1
755	1	1	1
756	0	1	1
757	0	1	1
758	1	1	1
759	1	0	1
760	1	0	1
761	1	1	1
762	0	0	1
763	0	0	1
764	0	1	1
765	0	1	1
766	0	0	1
767	0	0	0

768	1	1	1
769	1	1	1
770	1	1	1
771	1	1	1
772	1	1	1
773	1	1	1
774	1	1	1
775	1	1	1
776	1	1	1
777	0	1	1
778	0	1	1
779	1	1	1
780	1	1	0
781	1	1	1
782	1	1	1
783	1	1	1
784	1	1	1
785	1	1	1
786	1	1	1
787	1	1	1
788	1	1	1
789	1	1	1
790	1	1	1
791	0	0	1

792	1	1	1
793	1	1	1
794	1	1	1
795	1	1	1
796	1	1	1
797	1	1	1
798	1	1	1
799	1	1	1
800	1	1	1
801	1	1	1
802	1	1	1
803	1	1	1
804	0	1	1
805	0	1	1
806	1	0	1
807	0	0	1
808	1	0	1
809	1	0	1
810	1	0	1
811	1	0	1
812	0	0	1
813	0	0	1
814	0	0	1
815	0	0	0

816	1	0	1
817	1	0	1
818	1	0	1
819	1	0	1
820	1	0	1
821	1	0	1
822	1	1	1
823	1	0	1
824	1	0	1
825	1	0	1
826	1	0	1
827	1	1	1
828	1	1	1
829	1	1	1
830	1	1	1
831	1	1	1
832	1	1	1
833	1	1	1
834	1	1	1
835	1	1	1
836	1	1	1
837	1	1	1
838	1	1	1
839	1	1	1

840	1	1	1
841	1	1	1
842	1	1	1
843	1	1	1
844	1	1	1
845	1	1	1
846	1	1	1
847	1	1	1
848	1	1	1
849	1	1	1
850	1	1	1
851	0	1	1
852	0	1	1
853	0	1	1
854	0	1	1
855	0	1	1
856	0	1	1
857	0	1	1
858	0	1	1
859	1	1	1
860	1	1	1
861	1	1	1
862	0	0	0
863	0	0	0

864	0	0	1
865	1	0	1
866	1	0	1
867	0	0	1
868	1	0	1
869	1	0	1
870	1	1	0
871	1	1	0
872	1	1	0
873	1	1	0
874	1	1	0
875	1	1	1
876	1	1	1
877	1	1	1
878	0	1	1
879	0	0	1
880	0	0	1
881	0	0	1
882	0	0	1
883	0	0	1
884	0	0	1
885	1	0	1
886	1	1	1
887	1	1	1

888	1	1	1
889	1	1	1
890	1	1	1
891	1	1	1
892	1	1	1
893	1	1	1
894	1	1	1
895	1	0	1
896	1	0	1
897	1	0	1
898	1	0	1
899	1	0	1
900	1	0	1
901	0	0	1
902	0	0	1
903	0	0	0
904	0	1	0
905	0	1	0
906	0	1	1
907	0	0	1
908	0	0	1
909	0	0	1
910	0	0	1
911	0	0	1

912	1	1	1
913	1	0	1
914	1	1	1
915	1	1	1
916	1	0	1
917	1	0	1
918	1	1	1
919	1	1	1
920	1	1	1
921	1	1	1
922	1	1	1
923	1	1	1
924	1	1	1
925	1	1	1
926	1	1	1
927	1	1	1
928	1	1	1
929	0	0	1
930	1	0	1
931	1	0	1
932	1	0	1
933	1	1	1
934	1	0	1
935	1	0	1

936	0	0	1
937	0	1	0
938	0	1	1
939	1	1	1
940	0	1	1
941	1	0	1
942	1	1	1
943	1	1	0
944	1	1	1
945	1	1	1
946	1	1	0
947	1	1	1
948	1	1	1
949	0	1	1
950	0	1	1
951	0	1	1
952	0	1	1
953	0	1	1
954	1	1	1
955	1	1	1
956	1	1	1
957	1	1	1
958	1	1	1
959	1	1	1

960	1	1	1
961	1	1	1
962	1	1	1
963	1	1	1
964	1	1	1
965	1	1	1
966	1	1	1
967	1	1	1
968	1	1	1
969	1	1	1
970	1	1	1
971	1	1	1
972	1	1	1
973	1	1	1
974	0	1	1
975	1	1	1
976	1	1	1
977	1	1	1
978	1	1	1
979	1	1	1
980	1	1	1
981	1	1	1
982	1	1	1
983	1	1	0

984	1	1	1
985	1	1	1
986	1	1	0
987	1	1	0
988	1	1	1
989	1	1	1
990	1	1	1
991	1	1	1
992	1	0	1
993	1	0	1
994	1	1	1
995	1	1	1
996	1	1	1
997	1	1	1
998	1	1	1
999	1	1	1
1000	1	1	1
1001	1	1	1
1002	1	1	1
1003	1	1	1
1004	0	0	0
1005	0	0	0
1006	0	0	0
1007	0	0	0

1008	1	1	1
1009	1	1	1
1010	1	1	1
1011	1	1	0
1012	1	1	1
1013	1	1	1
1014	1	1	1
1015	1	1	0
1016	1	1	0
1017	1	1	0
1018	1	1	0
1019	1	1	0
1020	1	1	0
1021	1	1	0
1022	1	1	0
1023	1	1	1
1024	0	0	1
1025	0	0	0
1026	0	0	0
1027	0	0	0
1028	0	0	0
1029	0	0	0
1030	0	0	0
1031	0	0	0

1032	0	0	1
1033	0	0	1
1034	1	1	1
1035	1	1	1
1036	1	1	0
1037	1	1	0
1038	1	1	0
1039	1	1	0
1040	1	1	0
1041	1	1	0
1042	1	1	0
1043	1	1	0
1044	1	1	1
1045	1	1	1
1046	0	0	0
1047	0	0	0
1048	0	0	0
1049	0	0	1
1050	0	0	1
1051	1	0	1
1052	0	0	1
1053	0	0	1
1054	0	0	1
1055	0	0	1

1056	1	0	1
1057	1	0	1
1058	1	0	1
1059	1	0	1
1060	1	0	1
1061	1	0	1
1062	1	1	1
1063	0	1	1
1064	1	1	1
1065	1	1	1
1066	1	1	1
1067	1	1	1
1068	1	1	1
1069	1	0	0
1070	1	0	0
1071	1	0	0
1072	1	0	0
1073	1	0	0
1074	1	0	0
1075	1	0	0
1076	1	0	0
1077	1	0	0
1078	1	0	0
1079	0	0	1

1080	0	0	1
1081	1	0	1
1082	1	0	1
1083	1	0	0
1084	1	0	1
1085	1	0	1
1086	1	0	1
1087	1	0	1
1088	1	0	1
1089	1	0	1
1090	1	0	0
1091	1	0	1
1092	0	0	1
1093	0	0	1
1094	0	0	1
1095	0	0	1
1096	0	0	1
1097	0	0	1
1098	1	0	1
1099	1	0	1
1100	1	1	1
1101	1	1	1
1102	1	1	1
1103	1	1	1

1104	0	0	1
1105	1	0	1
1106	1	0	1
1107	1	0	1
1108	1	0	1
1109	1	0	1
1110	1	1	1
1111	0	1	1
1112	0	1	1
1113	0	1	1
1114	0	1	1
1115	0	1	1
1116	0	1	1
1117	1	1	1
1118	1	1	1
1119	1	1	1
1120	1	1	1
1121	1	1	1
1122	1	1	1
1123	0	0	1
1124	1	0	1
1125	0	0	1
1126	1	0	1
1127	1	0	1

1128	1	0	1
1129	0	0	1
1130	0	0	1
1131	0	1	1
1132	0	0	1
1133	1	1	1
1134	1	1	0
1135	1	1	0
1136	1	1	0
1137	1	1	0
1138	1	1	0
1139	1	1	0
1140	1	1	0
1141	0	1	0
1142	0	1	0
1143	0	1	0
1144	0	1	1
1145	0	1	1
1146	1	0	1
1147	1	1	1
1148	1	1	1
1149	1	1	1
1150	1	1	1
1151	0	1	1

1152	1	1	1
1153	1	1	1
1154	1	1	1
1155	0	1	1
1156	0	1	1
1157	0	1	1
1158	1	1	0
1159	1	1	1
1160	1	1	1
1161	1	1	1
1162	1	1	1
1163	1	1	1
1164	1	1	1
1165	1	1	1
1166	1	1	1
1167	1	1	1
1168	0	1	1
1169	0	1	1
1170	0	1	1
1171	1	1	1
1172	1	1	1
1173	1	1	1
1174	1	1	1
1175	1	1	1

1176	1	1	1
1177	1	1	1
1178	1	1	1
1179	1	1	1
1180	1	1	1
1181	1	1	1
1182	1	1	0
1183	1	1	0
1184	1	1	0
1185	1	1	1
1186	1	1	1
1187	1	1	1
1188	1	1	1
1189	0	1	1
1190	0	1	1
1191	0	1	1
1192	1	1	1
1193	1	1	1
1194	1	1	1
1195	1	1	1
1196	1	1	1
1197	1	1	1
1198	1	1	1
1199	1	1	1

1200	1	1	1
1201	1	1	1
1202	1	1	1
1203	1	1	1
1204	1	1	1
1205	1	1	1
1206	1	1	0
1207	1	1	0
1208	1	1	0
1209	1	1	0
1210	1	1	0
1211	1	1	0
1212	1	1	0
1213	1	1	0
1214	0	1	1
1215	0	0	1
1216	0	0	0
1217	0	0	1
1218	0	0	1
1219	0	0	1
1220	1	0	1
1221	1	0	1
1222	1	0	1
1223	1	0	1

1224	1	0	1
1225	1	1	1
1226	1	1	1
1227	1	1	1
1228	1	1	1
1229	1	1	1
1230	1	1	0
1231	1	1	1
1232	1	1	1
1233	1	1	0
1234	1	1	0
1235	1	1	0
1236	1	1	1
1237	1	1	1
1238	1	1	1
1239	1	1	0
1240	1	1	0
1241	1	1	0
1242	1	1	0
1243	1	1	0
1244	0	1	1
1245	0	1	1
1246	0	1	1
1247	0	1	1

1248	0	1	0
1249	0	1	1
1250	1	1	1
1251	1	1	1
1252	1	1	1
1253	1	1	1
1254	1	0	1
1255	1	0	0
1256	1	1	0
1257	1	1	0
1258	0	1	0
1259	0	1	0
1260	1	1	0
1261	1	1	0
1262	0	1	0
1263	1	1	1
1264	1	0	1
1265	1	0	0
1266	1	0	1
1267	0	1	1
1268	0	0	1
1269	0	0	0
1270	1	1	0
1271	0	1	0

1272	0	1	1
1273	1	1	1
1274	1	1	0
1275	1	1	1
1276	1	1	1
1277	1	1	1
1278	1	1	1
1279	1	1	1
1280	1	1	1
1281	1	1	0
1282	1	1	1
1283	1	1	1
1284	1	1	1
1285	1	1	1
1286	1	1	1
1287	1	1	1
1288	1	1	1
1289	1	1	1
1290	1	1	1
1291	1	1	1
1292	1	1	1
1293	1	1	1
1294	1	1	1
1295	1	1	1

1296	1	1	1
1297	1	1	1
1298	0	1	1
1299	1	1	1
1300	1	1	1
1301	1	1	1
1302	1	1	1
1303	1	1	1
1304	1	1	1
1305	1	1	1
1306	1	1	1
1307	1	1	0
1308	1	1	0
1309	1	1	0
1310	1	1	1
1311	1	1	1
1312	1	1	1
1313	1	1	1
1314	1	1	1
1315	1	1	1
1316	1	1	1
1317	1	1	1
1318	1	1	1
1319	1	1	1

1320	1	1	1
1321	1	0	1
1322	1	0	1
1323	1	0	1
1324	1	1	1
1325	1	1	1
1326	1	1	1
1327	1	1	1
1328	0	0	0
1329	0	0	0
1330	0	0	0
1331	0	0	0
1332	0	0	0
1333	0	0	0
1334	1	0	0
1335	1	0	0
1336	1	0	0
1337	1	0	0
1338	1	1	0
1339	0	1	0
1340	1	1	0
1341	1	0	0
1342	1	0	1
1343	1	0	1

1344	1	0	1
1345	1	0	1
1346	1	0	0
1347	1	1	1
1348	1	1	1
1349	1	1	1
1350	1	1	1
1351	1	1	1
1352	1	1	1
1353	1	1	1
1354	1	0	1
1355	0	0	1
1356	1	0	1
1357	1	1	1
1358	1	1	1
1359	1	1	1
1360	1	1	1
1361	1	1	1
1362	1	1	1
1363	1	0	1
1364	1	0	1
1365	1	0	1
1366	1	0	1
1367	1	0	1

1368	1	0	1
1369	1	0	0
1370	1	0	0
1371	1	0	1
1372	1	0	1
1373	1	1	1
1374	1	1	0
1375	1	1	0
1376	1	1	0
1377	0	1	0
1378	0	1	0
1379	0	1	0
1380	1	1	1
1381	1	1	1
1382	0	1	1
1383	0	0	1
1384	0	0	1
1385	0	0	1
1386	0	0	1
1387	0	0	1
1388	1	0	0
1389	1	0	0
1390	1	0	0
1391	1	1	0

1392	1	1	0
1393	1	1	1
1394	1	1	1
1395	1	1	1
1396	1	1	0
1397	1	1	0
1398	1	1	1
1399	1	1	0
1400	1	1	1
1401	1	1	1
1402	0	1	1
1403	1	1	0
1404	1	1	1
1405	1	1	1
1406	1	1	0
1407	1	1	1
1408	1	0	0
1409	1	0	0
1410	1	0	0
1411	1	0	0
1412	0	0	1
1413	0	0	1
1414	0	0	0
1415	1	0	0

1416	1	0	1
1417	1	0	1
1418	1	0	1
1419	1	1	1
1420	1	1	1
1421	1	1	1
1422	1	1	1
1423	1	1	1
1424	1	1	1
1425	0	1	1
1426	0	0	0
1427	0	0	0
1428	1	0	1
1429	1	1	0
1430	1	1	0
1431	1	1	1
1432	0	1	1
1433	0	0	1
1434	0	0	0
1435	0	0	0
1436	1	1	1
1437	1	1	1
1438	1	1	1
1439	1	1	1

1440	1	1	1
1441	1	1	1
1442	1	1	1
1443	1	1	1
1444	1	1	1
1445	1	1	1
1446	1	1	1
1447	1	0	1
1448	1	0	1
1449	1	0	1
1450	1	1	1
1451	1	1	1
1452	0	1	1
1453	0	1	1
1454	1	1	1
1455	1	1	1
1456	1	1	1
1457	1	1	0
1458	1	0	0
1459	1	0	1
1460	0	0	1
1461	0	0	1
1462	1	0	1
1463	1	0	1

1464	1	0	1
1465	1	0	1
1466	1	0	1
1467	1	1	1
1468	1	1	1
1469	1	1	1
1470	1	1	1
1471	1	1	1
1472	1	1	1
1473	1	1	1
1474	1	1	1
1475	1	1	1
1476	1	1	1
1477	1	1	1
1478	1	1	1
1479	1	1	1
1480	1	1	1
1481	1	1	1
1482	1	1	1
1483	1	1	1
1484	1	1	1
1485	1	1	1
1486	1	1	1
1487	1	1	1

1488	1	1	1
1489	1	1	1
1490	1	1	1
1491	1	1	1
1492	1	1	1
1493	1	1	1
1494	1	1	1
1495	1	1	1
1496	1	1	1
1497	1	1	1
1498	1	1	1
1499	1	1	1
1500	0	0	1
1501	0	0	1
1502	1	1	1
1503	1	1	1
1504	1	1	1
1505	1	1	1
1506	1	1	1
1507	0	1	1
1508	1	1	1
1509	1	1	1
1510	1	1	1
1511	1	0	1

1512	1	0	1
1513	1	0	1
1514	1	1	1
1515	1	1	0
1516	1	1	1
1517	1	1	1
1518	0	1	1
1519	0	1	1
1520	0	1	1
1521	1	1	1
1522	1	1	1
1523	1	1	1
1524	1	1	1
1525	1	1	1
1526	1	1	0
1527	1	1	0
1528	1	1	0
1529	1	1	1
1530	1	1	1
1531	1	1	1
1532	1	0	1
1533	1	1	1
1534	1	1	1
1535	1	1	1

1536	0	1	1
1537	1	1	1
1538	1	1	1
1539	1	1	1
1540	1	1	1
1541	1	0	1
1542	1	0	0
1543	1	0	0
1544	1	1	0
1545	1	1	0
1546	1	1	0
1547	1	1	0
1548	1	1	0
1549	1	1	1
1550	0	1	0
1551	0	0	1
1552	0	0	1
1553	0	0	1
1554	0	0	1
1555	0	0	1
1556	1	0	1
1557	1	0	1
1558	1	0	1
1559	1	0	1

1560	1	0	1
1561	1	0	1
1562	1	0	1
1563	1	1	1
1564	1	1	1
1565	1	1	1
1566	1	1	1
1567	1	1	1
1568	1	1	0
1569	1	1	0
1570	1	1	0
1571	1	1	1
1572	1	1	0
1573	1	1	1
1574	1	1	1
1575	1	1	0
1576	1	1	0
1577	1	0	0
1578	0	0	0
1579	0	0	1
1580	0	0	1
1581	0	0	0
1582	1	0	0
1583	0	0	0

1584	0	0	1
1585	1	0	0
1586	0	1	0
1587	1	1	1
1588	1	1	1
1589	1	1	1
1590	1	1	1
1591	1	1	1
1592	0	1	1
1593	1	0	0
1594	1	1	1
1595	1	0	1
1596	0	1	1
1597	1	1	1
1598	0	1	1
1599	0	1	1
1600	0	1	1
1601	0	1	1
1602	0	1	1
1603	0	1	1
1604	0	1	1
1605	1	1	1
1606	1	1	1
1607	1	1	1

1608	0	0	1
1609	0	0	1
1610	0	1	1
1611	0	1	1
1612	0	1	1
1613	1	1	1
1614	1	1	1
1615	1	1	1
1616	1	1	1
1617	1	1	0
1618	1	1	1
1619	1	0	1
1620	1	1	1
1621	1	1	1
1622	1	1	1
1623	1	1	1
1624	1	1	1
1625	0	1	1
1626	1	1	1
1627	1	1	1
1628	1	1	1
1629	1	0	1
1630	1	0	1
1631	1	1	1

1632	1	1	1
1633	1	1	1
1634	1	1	1
1635	1	1	1
1636	1	1	1
1637	1	1	1
1638	1	1	1
1639	1	1	1
1640	1	1	1
1641	1	1	0
1642	1	1	1
1643	1	1	1
1644	1	1	1
1645	1	1	1
1646	1	1	1
1647	1	1	1
1648	1	1	1
1649	1	1	1
1650	1	1	1
1651	0	1	1
1652	1	1	1
1653	1	1	1
1654	0	1	1
1655	1	1	1

1656	1	1	1
1657	1	0	1
1658	1	0	1
1659	1	1	1
1660	1	1	1
1661	1	1	1
1662	1	1	1
1663	0	1	1
1664	0	1	1
1665	1	1	1
1666	1	1	1
1667	1	1	1
1668	1	1	1
1669	1	1	0
1670	1	1	1
1671	1	1	0
1672	1	1	0
1673	1	1	0
1674	1	1	0
1675	1	1	0
1676	1	1	0
1677	1	1	0
1678	1	1	1
1679	1	1	1

1680	1	1	1
1681	1	1	1
1682	1	1	1
1683	1	1	1
1684	1	1	0
1685	1	1	0
1686	1	1	1
1687	1	1	1
1688	1	1	1
1689	1	1	1
1690	1	1	1
1691	1	1	0
1692	1	1	0
1693	1	1	1
1694	0	1	1
1695	1	1	1
1696	1	1	1
1697	1	0	1
1698	1	0	1
1699	1	0	0
1700	1	0	1
1701	1	0	1
1702	1	0	1
1703	1	0	0

1704	1	1	1
1705	1	1	1
1706	1	1	1
1707	0	1	1
1708	1	1	0
1709	1	1	0
1710	1	1	0
1711	1	1	0
1712	1	1	0
1713	1	1	0
1714	1	1	0
1715	1	1	0
1716	1	1	0
1717	1	1	0
1718	0	0	1
1719	0	0	1
1720	0	0	1
1721	0	0	1
1722	0	0	1
1723	0	0	1
1724	1	0	1
1725	1	0	1
1726	1	0	1
1727	1	0	1

1728	1	1	1
1729	1	1	1
1730	1	1	1
1731	1	1	1
1732	1	1	1
1733	1	1	1
1734	1	1	0
1735	1	1	1
1736	1	1	1
1737	1	1	1
1738	1	1	1
1739	1	1	1
1740	1	1	1
1741	1	1	0
1742	1	0	1
1743	1	0	0
1744	1	0	0
1745	1	0	0
1746	1	0	0
1747	1	1	1
1748	1	0	1
1749	1	0	1
1750	0	0	1
1751	0	0	1

1752	0	0	1
1753	1	1	1
1754	1	1	0
1755	1	1	1
1756	1	1	1
1757	1	1	1
1758	1	1	1
1759	1	1	1
1760	1	1	0
1761	1	1	0
1762	1	1	0
1763	0	1	0
1764	0	1	0
1765	0	1	0
1766	1	1	1
1767	1	1	1
1768	1	1	1
1769	1	1	1
1770	1	1	1
1771	1	1	1
1772	1	1	1
1773	1	1	0
1774	1	0	1
1775	1	1	1

1776	1	1	1
1777	0	0	1
1778	0	0	0
1779	0	0	0
1780	1	0	1
1781	1	1	0
1782	1	1	1
1783	1	1	1
1784	1	1	1
1785	1	1	1
1786	1	1	1
1787	1	1	1
1788	1	1	1
1789	1	1	1
1790	1	1	1
1791	1	1	1
1792	1	1	1
1793	0	0	1
1794	1	0	1
1795	1	0	1
1796	1	1	1
1797	1	0	1
1798	1	0	1
1799	1	0	1

1800	1	0	1
1801	1	1	0
1802	1	1	1
1803	1	1	1
1804	0	1	1
1805	1	1	1
1806	1	1	1
1807	1	1	1
1808	1	1	1
1809	1	1	0
1810	1	1	1
1811	1	1	1
1812	1	1	1
1813	1	1	1
1814	1	1	1
1815	1	1	1
1816	1	1	1
1817	1	1	1
1818	1	1	1
1819	1	1	1
1820	1	1	1
1821	1	1	1
1822	1	1	0
1823	0	0	0

1824	0	0	0
1825	0	0	0
1826	0	0	0
1827	0	0	1
1828	1	0	1
1829	1	1	1
1830	1	1	0
1831	0	1	0
1832	1	1	0
1833	1	1	1
1834	1	1	1
1835	1	1	1
1836	1	1	1
1837	1	1	1
1838	1	1	1
1839	1	1	1
1840	1	1	1
1841	1	0	1
1842	1	0	0
1843	1	1	1
1844	1	1	1
1845	1	1	1
1846	1	0	1
1847	0	0	1

1848	1	1	1
1849	1	1	0
1850	1	1	1
1851	1	1	0
1852	1	1	1
1853	1	1	0
1854	1	1	0
1855	0	0	0
1856	0	0	1
1857	0	0	0
1858	1	0	0
1859	1	1	0
1860	1	1	0
1861	1	1	1
1862	1	1	1
1863	1	1	1
1864	0	1	1
1865	0	1	1
1866	0	1	1
1867	1	1	1
1868	1	1	1
1869	1	1	1
1870	1	1	1
1871	1	1	1

1872	1	1	1
1873	1	1	1
1874	1	0	0
1875	0	0	1
1876	1	0	1
1877	1	1	1
1878	1	1	0
1879	1	1	0
1880	1	1	0
1881	1	1	0
1882	1	1	0
1883	1	1	0
1884	1	1	0
1885	1	1	0
1886	0	0	0
1887	0	0	0
1888	0	0	0
1889	0	0	1
1890	0	0	1
1891	0	0	1
1892	0	0	0
1893	0	0	1
1894	0	0	1
1895	1	0	1

1896	1	1	1
1897	1	1	0
1898	1	1	0
1899	1	1	1
1900	1	1	1
1901	0	1	0
1902	0	0	1
1903	0	0	1
1904	0	0	1
1905	0	0	1
1906	0	0	0
1907	0	1	0
1908	1	1	1
1909	1	1	0
1910	1	1	1
1911	1	1	0
1912	1	1	0
1913	1	1	0
1914	1	0	0
1915	0	0	1
1916	0	1	0
1917	0	0	1
1918	0	0	1
1919	0	0	1

1920	1	0	1
1921	1	0	1
1922	1	0	1
1923	1	0	1
1924	1	0	1
1925	1	0	1
1926	1	0	1
1927	1	1	0
1928	1	1	0
1929	0	1	0
1930	0	1	0
1931	1	1	0
1932	1	1	0
1933	1	1	0
1934	1	1	0
1935	1	1	0
1936	1	1	1
1937	1	0	1
1938	1	0	1
1939	1	1	1
1940	1	1	1
1941	1	1	1
1942	1	1	1
1943	1	0	1

1944	1	1	1
1945	1	0	1
1946	1	0	1
1947	1	0	1
1948	1	1	1
1949	0	1	1
1950	1	1	1
1951	1	1	1
1952	1	1	1
1953	1	1	1
1954	0	0	1
1955	0	0	1
1956	0	0	0
1957	1	1	1
1958	1	1	1
1959	1	1	1
1960	1	1	1
1961	1	1	1
1962	1	1	1
1963	1	1	1
1964	0	0	1
1965	0	0	1
1966	0	0	1
1967	1	1	1

1968	1	1	1
1969	1	1	1
1970	1	1	1
1971	1	1	1
1972	1	1	0
1973	1	1	1
1974	1	1	1
1975	1	1	1
1976	1	1	1
1977	0	1	1
1978	0	1	1
1979	1	1	1
1980	1	1	1
1981	1	0	1
1982	0	0	1
1983	0	1	1
1984	0	1	0
1985	1	1	1
1986	1	1	1
1987	1	1	1
1988	1	1	1
1989	1	1	1
1990	1	1	1
1991	0	1	1

1992	0	1	1
1993	0	1	1
1994	0	1	1
1995	1	1	1
1996	0	0	1
1997	0	0	1
1998	0	0	1
1999	1	1	1
2000	1	1	0
2001	1	1	0
2002	1	1	1
2003	1	1	1
2004	1	1	1
2005	0	1	1
2006	1	1	1
2007	1	1	1
2008	1	1	1
2009	1	1	1
2010	1	1	1
2011	1	1	1
2012	1	1	1
2013	1	1	1
2014	1	1	1
2015	1	1	1

2016	0	0	1
2017	0	0	1
2018	0	0	1
2019	0	0	1
2020	0	0	0
2021	0	0	0
2022	0	0	1
2023	0	0	1
2024	0	1	1
2025	0	1	1
2026	1	1	1
2027	1	1	1
2028	1	1	1
2029	0	1	1
2030	0	1	1
2031	0	1	1
2032	0	1	1
2033	0	1	0
2034	0	1	1
2035	0	1	1
2036	0	1	1
2037	0	1	1
2038	0	1	1
2039	1	1	1

2040	1	1	1
2041	1	1	1
2042	1	1	1
2043	1	1	1
2044	1	1	1
2045	1	1	1
2046	1	1	0
2047	1	1	0
2048	1	1	0
2049	1	1	0
2050	0	0	0
2051	0	0	0
2052	0	1	0
2053	0	1	0
2054	0	1	1
2055	0	0	1
2056	0	0	1
2057	0	0	1
2058	0	0	1
2059	0	0	1
2060	0	0	1
2061	0	0	1
2062	1	0	1
2063	1	0	1

2064	1	0	1
2065	1	0	1
2066	1	0	1
2067	0	0	0
2068	0	0	1
2069	0	0	1
2070	0	1	1
2071	0	1	1
2072	1	1	1
2073	1	1	1
2074	1	1	1
2075	1	1	1
2076	1	1	1
2077	1	1	1
2078	1	1	0
2079	1	1	0
2080	1	1	0
2081	1	1	0
2082	0	0	0
2083	0	0	1
2084	0	0	0
2085	0	0	1
2086	0	0	1
2087	1	0	1

2088	1	0	1
2089	1	1	1
2090	1	0	1
2091	1	0	1
2092	1	0	1
2093	1	1	1
2094	1	0	1
2095	1	1	1
2096	1	1	0
2097	1	1	0
2098	1	1	0
2099	1	1	0
2100	0	1	0
2101	0	1	0
2102	0	1	0
2103	0	1	1
2104	0	1	1
2105	0	1	1
2106	0	1	1
2107	0	1	1
2108	0	1	1
2109	0	1	1
2110	0	1	1
2111	0	0	1

2112	1	1	1
2113	1	1	1
2114	1	1	1
2115	1	1	1
2116	1	0	1
2117	1	0	1
2118	1	0	1
2119	1	1	0
2120	1	1	1
2121	1	1	0
2122	1	1	0
2123	1	1	0
2124	1	1	0
2125	1	1	0
2126	1	1	0
2127	1	1	1
2128	1	1	1
2129	0	1	1
2130	0	1	0
2131	1	1	1
2132	1	1	1
2133	1	1	1
2134	0	1	1
2135	0	1	0

2136	1	1	1
2137	0	1	1
2138	0	0	1
2139	0	0	1
2140	1	0	1
2141	1	0	1
2142	1	1	1
2143	0	1	1
2144	1	1	1
2145	1	1	1
2146	1	1	1
2147	1	1	1
2148	1	1	1
2149	1	1	1
2150	1	1	1
2151	1	1	1
2152	1	1	1
2153	1	1	1
2154	1	1	1
2155	1	1	1
2156	1	1	1
2157	1	1	1
2158	1	1	1
2159	1	1	1

2160	1	1	1
2161	1	1	1
2162	1	1	1
2163	1	1	1
2164	0	1	1
2165	0	1	1
2166	0	1	1
2167	1	1	1
2168	1	1	1
2169	1	1	1
2170	1	1	1
2171	1	1	1
2172	1	1	1
2173	1	1	1
2174	1	1	0
2175	1	1	0
2176	1	1	0
2177	1	0	0
2178	1	0	1
2179	1	0	0
2180	1	0	0
2181	1	0	1
2182	1	1	1
2183	1	1	1

2184	1	1	1
2185	1	1	1
2186	1	1	1
2187	1	1	1
2188	1	1	1
2189	1	1	1
2190	1	1	1
2191	1	1	0
2192	1	1	0
2193	1	1	1
2194	1	1	1
2195	1	1	0
2196	1	1	0
2197	1	1	0
2198	1	1	1
2199	1	1	1
2200	1	0	0
2201	1	1	0
2202	1	1	1
2203	0	0	1
2204	0	1	1
2205	1	1	1
2206	1	1	1
2207	1	1	1

2208	1	0	1
2209	1	1	1
2210	1	1	1
2211	1	0	1
2212	1	0	1
2213	1	0	1
2214	1	1	0
2215	1	1	0
2216	1	1	0
2217	1	1	0
2218	1	1	0
2219	1	1	0
2220	1	1	0
2221	1	1	0
2222	0	1	1
2223	0	0	1
2224	0	0	0
2225	0	0	1
2226	0	0	1
2227	0	0	1
2228	0	0	1
2229	0	0	0
2230	1	0	1
2231	1	0	1

2232	1	0	1
2233	1	0	0
2234	1	0	0
2235	1	1	0
2236	1	1	0
2237	0	0	0
2238	1	0	0
2239	1	1	0
2240	1	1	1
2241	1	1	1
2242	1	1	1
2243	1	1	1
2244	1	1	0
2245	1	1	0
2246	1	1	0
2247	1	0	0
2248	1	0	0
2249	1	0	0
2250	1	1	0
2251	1	1	0
2252	1	1	1
2253	1	1	1
2254	0	0	1
2255	0	0	1

2256	0	0	1
2257	1	0	1
2258	1	1	1
2259	1	1	1
2260	1	1	1
2261	0	0	1
2262	0	0	0
2263	0	0	1
2264	1	1	1
2265	1	1	1
2266	1	1	1
2267	1	1	1
2268	1	1	1
2269	1	1	1
2270	0	1	1
2271	1	1	1
2272	1	1	1
2273	1	1	1
2274	0	0	0
2275	0	0	0
2276	0	0	1
2277	0	1	1
2278	1	1	1
2279	1	0	1

2280	1	0	1
2281	1	1	1
2282	1	1	1
2283	1	1	1
2284	1	1	1
2285	1	1	1
2286	1	1	0
2287	1	1	0
2288	1	1	1
2289	1	1	1
2290	1	1	1
2291	1	1	0
2292	0	0	1
2293	0	0	0
2294	0	0	1
2295	1	0	1
2296	1	0	1
2297	1	1	1
2298	1	1	1
2299	1	1	1
2300	1	1	1
2301	1	1	1
2302	1	1	1
2303	1	1	1

2304	1	1	1
2305	1	1	1
2306	1	1	1
2307	1	1	1
2308	0	0	0
2309	0	0	0
2310	0	0	0
2311	0	0	0
2312	0	0	1
2313	0	0	1
2314	0	0	1
2315	0	0	1
2316	0	0	0
2317	1	1	1
2318	1	1	1
2319	1	1	1
2320	1	1	1
2321	1	1	1
2322	1	1	1
2323	1	1	1
2324	1	1	1
2325	1	1	1
2326	1	1	1
2327	1	1	1

2328	1	1	0
2329	1	1	1
2330	1	1	1
2331	1	1	1
2332	1	1	1
2333	1	1	1
2334	1	1	1
2335	1	1	1
2336	1	1	1
2337	1	1	0
2338	1	1	0
2339	1	1	0
2340	1	1	1
2341	1	1	1
2342	1	1	1
2343	0	1	0
2344	0	0	0
2345	0	0	0
2346	0	0	0
2347	1	0	0
2348	1	1	0
2349	1	1	0
2350	1	1	0
2351	1	1	0

2352	1	1	0
2353	1	1	0
2354	1	1	0
2355	0	1	0
2356	1	1	1
2357	1	1	1
2358	1	1	1
2359	1	1	1
2360	1	1	0
2361	1	1	0
2362	1	1	0
2363	1	1	0
2364	1	1	0
2365	0	1	1
2366	1	1	1
2367	1	1	0
2368	1	1	1
2369	1	1	1
2370	1	1	1
2371	0	1	0
2372	0	1	1
2373	1	1	0
2374	1	1	1
2375	1	0	1

2376	1	0	1
2377	1	0	1
2378	1	0	1
2379	1	0	1
2380	1	0	1
2381	1	1	1
2382	1	1	0
2383	1	1	0
2384	1	1	0
2385	1	1	0
2386	1	1	0
2387	0	1	0
2388	1	1	0
2389	0	1	0
2390	0	1	0
2391	0	0	0
2392	0	0	0
2393	0	0	0
2394	0	0	0
2395	0	0	0
2396	0	0	0
2397	0	0	0
2398	0	0	0
2399	0	0	0

2400	1	1	0
2401	0	1	0
2402	1	1	0
2403	1	1	0
2404	1	1	0
2405	1	1	0
2406	1	1	0
2407	1	1	0
2408	1	1	0
2409	1	1	0
2410	1	1	0
2411	1	1	0
2412	1	1	0
2413	1	1	0
2414	1	1	0
2415	1	1	0
2416	1	1	0
2417	0	1	0
2418	1	1	1
2419	1	1	1
2420	0	0	1
2421	0	0	0
2422	1	1	0
2423	1	1	0

2424	1	1	0
2425	1	1	0
2426	1	1	0
2427	1	1	0
2428	1	1	0
2429	1	1	0
2430	0	1	0
2431	0	1	0
2432	1	1	0
2433	1	1	0
2434	1	1	0
2435	1	1	0
2436	1	1	0
2437	1	1	0
2438	1	1	0
2439	0	1	0
2440	0	1	0
2441	0	1	0
2442	0	1	1
2443	0	1	1
2444	0	1	0
2445	0	1	0
2446	0	1	0
2447	1	1	0

2448	1	1	0
2449	1	1	0
2450	1	1	1
2451	1	1	1
2452	0	1	0
2453	0	1	0
2454	0	0	0
2455	0	0	0
2456	0	1	0
2457	0	1	0
2458	0	0	0
2459	0	0	0
2460	0	1	0
2461	0	1	0
2462	0	1	0
2463	0	1	0
2464	0	0	0
2465	0	0	0
2466	0	0	1
2467	0	0	1
2468	0	1	1
2469	0	1	1
2470	0	0	1
2471	0	1	1

2472	0	0	1
2473	0	1	1
2474	0	1	1
2475	0	0	1
2476	0	1	1
2477	0	0	1
2478	0	1	1
2479	0	0	1
2480	0	0	0
2481	0	1	0
2482	0	1	1
2483	0	1	1
2484	0	1	1
2485	0	1	1
2486	0	0	1
2487	0	1	1
2488	0	0	0
2489	0	1	1
2490	0	1	1
2491	0	1	0
2492	0	1	1
2493	0	0	1
2494	0	1	0
2495	0	1	1

2496	0	1	1
2497	0	0	1
2498	0	1	1
2499	0	1	0
2500	0	1	0
2501	0	1	1
2502	0	1	1
2503	0	0	0
2504	0	0	1
2505	0	0	1
2506	0	0	0
2507	0	0	0
2508	0	0	0
2509	0	0	0
2510	0	0	0
2511	0	1	0
2512	0	1	1
2513	0	0	1
2514	0	0	1
2515	0	0	1
2516	0	0	0
2517	0	0	1
2518	0	1	1
2519	0	0	1

2520	0	1	1
2521	0	1	1
2522	0	1	1
2523	0	1	1
2524	0	1	0
2525	0	1	0
2526	0	1	1
2527	0	1	0
2528	0	1	0
2529	0	1	0
2530	0	1	0
2531	0	1	1
2532	0	1	0
2533	0	1	0
2534	0	0	0
2535	0	1	0
2536	0	0	0
2537	0	1	0
2538	0	1	1
2539	0	1	1
2540	0	1	0
2541	0	1	0
2542	0	1	1
2543	0	1	1

2544	1	1	1
2545	1	1	1
2546	1	1	1
2547	1	1	1
2548	0	1	1
2549	1	1	0
2550	1	0	0
2551	1	1	0
2552	1	1	0
2553	1	1	0
2554	1	1	0
2555	1	1	0
2556	1	1	0
2557	1	1	0
2558	0	1	1
2559	0	0	0
2560	0	0	0
2561	0	0	0
2562	0	0	0
2563	0	0	0
2564	0	0	0
2565	0	0	0
2566	0	0	0
2567	0	0	0

